96.00	100.90	118.63
103.50	96.53	61.89
53.50	97.02	57.04
106.00	77.62	58.49
66.00	81.98	47.34
51.00	99.93	58.49
76.00	67.92	37.64
56.00	74.71	123.48
109.75	93.62	26.97
112.25	87.32	63.83
103.50	90.71	129.30
113.50	87.80	55.58
44.75	81.50	67.71
91.00	74.22	45.40
58.50	96.05	116.69
34.75	78.59	65.28
106.00	91.20	32.30
93.50	84.89	106.02
111.00	97.99	47.34
71.00	82.95	133.18
43.50	97.02	59.95
99.75	72.28	137.55
107.25	88.29	49.76
76.00	103.81	115.72
84.75	97.99	52.19
83.50	98.47	121.06
67.25	101.38	114.75
48.50	96.05	53.64
78.50	44.64	38.12
118.50	95.08	60.92
64.75	83.92	47.82
93.50	72.77	33.76
76.00	96.05	60.92
92.25	73.74	26.48
114.75	98.47	116.69
51.00	77.62	63.83
37.25	85.38	52.67
111.00	100.90	40.06
86.00	101.87	51.22
89.75	99.93	46.85
87.25	85.38	49.28
44.75	64.52	109.42
39.75	77.62	106.51
68.50	78.10	30.85
81.00	81.01	134.15
86.00	58.22	36.67
96.00	87.32	132.21
86.00	65.49	50.25
73.50	98.47	64.31
46.00	95.56	52.67
81.00	60.16	127.85
59.75	92.65	55.58
73.50	79.07	40.55
84.75	89.26	126.88
84.75	81.98	36.18
47.25	74.22	108.45
76.00	102.84	58.01
102.25	71.80	137.55
86.00	85.86	36.67
64.75	90.71	71.59
68.50	82.95	120.09
98.50	72.77	45.88
32.25	79.07	65.77
94.75	60.64	26.00
59.75	60.64	40.55
107.25	96.05	45.88
76.00	71.80	44.43
89.75	72.28	140.46
91.00	85.38	106.02
63.50	95.08	42.00
43.50	89.26	109.42
81.00	96.05	115.24
98.50	100.41	113.78
54.75	65.98	110.87
94.75	96.53	34.24
96.00	100.90	118.63
103.50	96.53	61.89
53.50	97.02	57.04
106.00	77.62	58.49
66.00	81.98	47.34
51.00	99.93	58.49
76.00	67.92	37.64
56.00	74.71	123.48
109.75	93.62	26.97
112.25	87.32	63.83
103.50	90.71	129.30
113.50	87.80	55.58
44.75	81.50	67.71
91.00	74.22	45.40
58.50	96.05	116.69
34.75	78.59	65.28
106.00	91.20	32.30
93.50	84.89	106.02
111.00	97.99	47.34
71.00	82.95	133.18
43.50	97.02	59.95
99.75	72.28	137.55
107.25	88.29	49.76
76.00	103.81	115.72
84.75	97.99	52.19
83.50	98.47	121.06
67.25	101.38	114.75
48.50	96.05	53.64
78.50	44.64	38.12
118.50	95.08	60.92
64.75	83.92	47.82
93.50	72.77	33.76
76.00	96.05	60.92
92.25	73.74	26.48
114.75	98.47	116.69
51.00	77.62	63.83
37.25	85.38	52.67
111.00	100.90	40.06
86.00	101.87	51.22
89.75	99.93	46.85
87.25	85.38	49.28
44.75	64.52	109.42
39.75	77.62	106.51
68.50	78.10	30.85
81.00	81.01	134.15
86.00	58.22	36.67
96.00	87.32	132.21
86.00	65.49	50.25
73.50	98.47	64.31
46.00	95.56	52.67
81.00	60.16	127.85
59.75	92.65	55.58
73.50	79.07	40.55
84.75	89.26	126.88
84.75	81.98	36.18
47.25	74.22	108.45
76.00	102.84	58.01
102.25	71.80	137.55
86.00	85.86	36.67
64.75	90.71	71.59
68.50	82.95	120.09
98.50	72.77	45.88
32.25	79.07	65.77
94.75	60.64	26.00
59.75	60.64	40.55
107.25	96.05	45.88
76.00	71.80	44.43
89.75	72.28	140.46
91.00	85.38	106.02
63.50	95.08	42.00
43.50	89.26	109.42
81.00	96.05	115.24
98.50	100.41	113.78
54.75	65.98	110.87
94.75	96.53	34.24
56.00	100.90	58.98
77.25	96.53	38.61
94.75	65.98	26.48
52.25	93.62	47.82
87.25	96.05	52.19
67.25	94.59	103.60
57.25	76.16	54.13
42.25	76.16	51.22
69.75	54.34	43.94
82.25	100.90	49.28
88.50	87.80	106.99
51.00	97.99	63.83
34.75	81.98	57.04
64.75	64.52	40.55
31.00	79.07	59.46
69.75	93.62	103.11
77.25	68.40	132.70
83.50	92.65	130.76
39.75	84.89	58.01
46.00	71.80	109.42
79.75	88.77	106.99
108.50	103.32	48.31
97.25	79.07	136.09
54.75	67.92	50.25
119.75	79.07	135.12
89.75	102.35	41.03
38.50	79.07	105.05
48.50	88.29	108.45
111.00	93.62	52.19
104.75	98.96	112.33
87.25	103.32	119.12
97.25	93.62	114.75
102.25	86.83	108.93
48.50	89.26	72.07
113.50	97.02	126.88
88.50	77.62	27.94
37.25	75.68	112.33
108.50	91.20	111.36
77.25	68.40	132.70
97.25	89.74	108.45
61.00	84.89	127.36
58.50	86.83	68.68
97.25	103.81	57.52
64.75	99.93	110.39
49.75	84.89	73.53
84.75	65.01	35.70
89.75	96.05	64.31
84.75	60.64	37.15
92.25	71.80	38.12
33.50	88.77	110.39
114.75	93.62	115.72
104.75	84.89	64.80
112.25	95.56	112.81
102.25	102.84	40.06
68.50	85.86	35.21
102.25	96.05	40.06
77.25	97.50	117.18
39.75	84.89	58.49
58.50	83.44	111.36
88.50	84.89	41.52
82.25	100.90	43.46
109.75	93.62	50.73
57.25	101.38	47.34
71.00	85.86	69.65
58.50	54.82	115.24
94.75	74.71	36.67
93.50	93.62	31.33
77.25	96.05	49.28
76.00	93.14	107.48
61.00	101.87	51.22
68.50	90.23	45.88
79.75	104.78	58.49
83.50	101.38	115.24
41.00	71.31	113.30
78.50	80.53	127.85
68.50	64.04	126.88
51.00	94.59	106.99
36.00	85.38	58.98
39.75	82.47	102.14
87.25	103.81	44.43
47.25	96.53	59.46
49.75	71.80	112.33
66.00	98.47	42.97
99.75	100.90	113.78
93.50	83.92	50.73
51.00	102.35	55.58
109.75	87.32	58.01
102.25	88.77	134.15
63.50	90.23	117.66
79.75	98.47	123.00
42.25	73.74	111.36
98.50	66.46	50.73
77.25	94.59	61.89
106.00	93.62	48.79
111.00	91.68	130.27
102.25	81.01	29.88
116.00	99.93	50.25
32.25	83.92	109.42
59.75	100.90	57.04
71.00	99.44	112.81
72.25	53.85	41.52
36.00	73.74	62.86
48.50	71.80	118.63
122.25	92.17	131.73
33.50	77.62	58.49
78.50	101.38	44.43
44.75	86.35	113.30
93.50	83.92	133.18
41.00	93.62	55.10
51.00	76.16	117.18
113.50	93.62	59.95
66.00	90.23	123.00
94.75	102.35	44.43
118.50	85.38	136.09
68.50	55.79	42.97
102.25	83.44	65.28
91.00	92.17	59.46
87.25	74.22	135.61
77.25	98.47	56.07
46.00	78.59	62.37
79.75	96.05	115.24
71.00	63.55	46.85
46.00	87.32	51.70
44.75	96.53	60.43
64.75	64.52	41.03
98.50	70.34	24.54
94.75	101.38	125.42
57.25	94.59	42.00
104.75	90.23	107.96
69.75	91.68	37.64
117.25	84.41	109.90
78.50	97.02	118.63
77.25	97.50	117.18
94.75	85.38	136.58
81.00	49.49	34.73
43.50	83.44	71.59
73.50	59.19	33.76
51.00	80.04	45.40
113.50	97.50	55.58
41.00	70.34	108.93
37.25	85.38	65.77
56.00	86.83	47.34
98.50	86.35	128.82
94.75	87.80	110.87
52.25	72.28	113.30
69.75	99.44	113.30
51.00	93.14	48.31
117.25	90.71	129.30
117.25	102.84	37.15
64.75	103.32	54.61
111.00	100.90	52.19
112.25	95.56	112.81
38.50	81.01	117.18
82.25	58.22	36.67
64.75	74.71	125.91
34.75	77.13	109.42
77.25	88.29	48.31
72.25	91.20	127.36
42.25	91.20	117.66
122.25	98.96	115.24
56.00	92.17	123.97
99.75	100.90	45.40
73.50	92.65	105.05
64.75	94.11	126.88
41.00	71.80	59.46
109.75	96.05	124.45
99.75	69.37	51.70
97.25	92.65	60.43
36.00	84.41	106.99
61.00	92.17	113.78
47.25	83.44	71.10
61.00	75.19	40.55
97.25	99.44	51.22
98.50	71.80	50.25
62.25	85.38	120.57
103.50	92.17	113.78
63.50	58.22	123.97
84.75	99.93	127.36
34.75	85.86	66.25
116.00	94.59	116.69
84.75	94.11	43.94
109.75	84.41	109.90
59.75	95.56	47.34
78.50	53.37	51.70
68.50	49.97	114.75
61.00	89.74	58.01
56.00	96.05	112.33
31.00	81.50	66.25
81.00	59.67	127.85
112.25	96.53	46.85
74.75	68.40	42.49
81.00	100.41	49.28
66.00	61.13	39.58
38.50	82.95	54.61
41.00	84.89	106.02
76.00	37.36	58.98
73.50	70.34	32.30
69.75	103.32	115.72
71.00	87.32	33.27
102.25	93.14	115.24
107.25	98.47	112.33
51.00	89.74	121.54
87.25	56.76	52.19
76.00	81.01	127.36
88.50	90.23	133.18
103.50	106.23	48.31
66.00	45.12	114.27
83.50	62.58	36.67
57.25	75.19	120.09
76.00	68.89	28.91
53.50	87.80	109.90
67.25	90.23	124.45
78.50	101.87	107.96
71.00	85.86	43.46
97.25	101.87	60.92
64.75	61.61	39.58
58.50	94.59	65.77
53.50	82.47	69.16
101.00	77.13	137.55
43.50	89.74	117.18
53.50	93.62	116.21
119.75	90.23	118.63
48.50	80.04	117.66
113.50	84.41	111.84
39.75	74.71	63.34
