(BSplineTransformSplineOrder 3)
(Direction 1 0 0 0 1 0 0 0 1)
(FixedImageDimension 3)
(FixedInternalImagePixelType "float")
(GridDirection 1 0 0 0 1 0 0 0 1)
(GridIndex 0 0 0)
(GridOrigin -80.5 -64.5 -80.5)
(GridSize 6 5 6)
(GridSpacing 64 64 64)
(HowToCombineTransforms "Compose")
(Index 0 0 0)
(InitialTransformParametersFileName "NoInitialTransform")
(MovingImageDimension 3)
(MovingInternalImagePixelType "float")
(NumberOfParameters 540)
(Origin 0 0 0)
(Size 160 128 160)
(Spacing 1 1 1)
(Transform "BSplineTransform")
(TransformParameters 0.000019721606204789948 0.00009464657738718695 -0.0009575240589786969 -0.0008108847269098395 -0.0006638749376689687 -0.000031222594764927176 0.00016979642807762193 0.0016625039177400312 -0.015041678453617759 -0.011150890373300072 -0.00726421997182054 0.00004225669689184345 -0.0037589385577279874 -0.08849574819651472 -0.10649540186146877 -0.014067711931271992 0.03405165809077581 0.00421722087042733 -0.004660849070755112 -0.11788329748350179 -0.10354513357992759 0.04344253225507794 0.06912839532731024 0.004609856256169055 -0.0003851798194190426 -0.01051176609262656 -0.006480510561544337 0.008228661917722816 0.006652608726056933 0.00028879030066013983 0.0057127009312191975 0.10995968680518742 0.050632796087097025 -0.2608880997048605 -0.2131171978947248 -0.0075603888054448605 0.039560079383387015 0.7721398445719226 1.3548888311996103 -1.9907360278716595 -2.5473416623036127 -0.07601839104297034 -0.16178011153315514 -2.8846901899631967 -0.9348613169819904 -3.7432815856899726 -1.745889946996626 0.09383522523786454 -0.17755817361163972 -3.7037322759264533 -3.396269418339781 -1.9269821476511872 0.7184901946818548 0.14104933639017955 -0.014497626371547272 -0.3698367728533752 -0.27988608754750194 0.19989651244459697 0.16783240424632076 0.00816244770200382 0.047271315468484426 0.8513629491490065 0.7564391993607437 -0.8910718064228098 -1.0905575857163872 -0.04837974166529239 0.31111477649811725 4.126089183237675 13.756039733571795 3.786733380848198 -10.300001138062388 -0.48756128885725913 -0.3902319748144966 -9.133452468278191 6.940872854834347 8.48784084954796 -7.490907110633665 -0.019187791045361162 -0.1056117365923815 -1.3876507028283294 -2.587467719133246 -10.249155759334444 -5.67124374955889 0.10171738480961602 0.0030984304131392317 -0.10850581844828712 -0.16563772194179455 0.06221626222914543 -0.1647507062778699 -0.0014704966706982703 0.06292756161067531 1.3124965092855159 1.4252339247458607 -1.3279417923561112 -1.2685245289746179 -0.048346558905495704 0.2567311872600671 5.09790306664634 17.116939268198767 1.7794282163388626 -9.325100413170292 -0.3774359528923695 -0.28280342808422954 -6.18748868033231 6.488263434989033 7.771420748134953 -11.516016617807754 -0.3280342364427507 0.632424700444359 11.14912481825168 4.438587377265142 -14.872347705468096 -17.23426382831832 -0.6093072358583118 0.06833957343450797 0.9825175598520752 0.4636401978559935 -0.35964510372278724 -1.0396093548277041 -0.047332294767222956 0.021765898374937982 0.5093386593807159 0.49956924874013425 -0.8815389647793767 -0.6388157657928707 -0.01944772868372199 0.04045103323969441 2.53529873632248 4.688395342834378 -6.5938085094048855 -5.664589773004083 -0.14621603932317098 -0.24197069937352916 -2.1744406266567142 -0.1593032150879402 -3.709370441985342 -5.093582775439994 -0.1139016024967234 0.14881812425537047 1.8034242156805365 -0.5087395220390065 -1.4354305279958162 -4.022520082508518 -0.22324802122049478 0.017553553064943616 0.0913455924028135 -0.10502241254964602 0.3188596057727898 -0.12158235130280251 -0.01479985426934849 0.0006223258895310714 0.009301015535665619 0.004693094190436843 -0.018300672713149932 -0.018447524210993178 -0.000742582248373498 -0.002111344095811262 -0.01392522127239296 0.010472746720919475 -0.11845440504475774 -0.1329959717274689 -0.0035434740783919583 -0.023744204352630915 -0.3502660615250828 -0.23622300407913122 0.20827284886311948 0.14487512148664158 0.010315012678129426 -0.00833631895077368 -0.20180598821338017 -0.20635442716238594 0.286270049394069 0.15709951577879483 0.0036790257413679217 -0.00026437197182183227 -0.0160272585835056 -0.019845861023982513 0.03295211868640261 0.014774200213820317 0.00007810744235059522 -0.00036069769777602814 -0.012279364541225461 -0.030411751848945418 -0.03008508091443401 -0.011563811225911148 -0.00027899779203587657 -0.008824367608207543 -0.3079759557680325 -0.8379146219542949 -0.8486123832596698 -0.309935917732655 -0.009054475618109006 -0.0025607040618078245 -0.14703587797295672 -0.40610653426308424 -0.4650689582365822 -0.1896773264654921 -0.004218654946019585 0.009277637988382693 0.2887296302067759 0.9201441374810803 0.8379310308689171 0.2178469658790552 0.007441345033459072 0.0006521215412099249 0.02522638830293793 0.09000408828949127 0.08318067028687828 0.018539972485068522 0.0004871146156743034 0.005779790084556773 0.10733845168018592 0.2095131952372272 0.3029218220394188 0.2552949798735359 0.009808364117943013 -0.03281766727742971 -1.8353024049191502 -4.251451538728758 -1.83332057161666 0.3905876097317367 0.005279650896467871 0.059630294170985414 -0.04271706907829098 -0.900505593448165 -1.4474438320131728 -0.7550252404169931 0.04459713773987032 0.2425669105547848 6.88264586483116 17.587226484164617 14.686732193916995 3.9221111538301465 0.18119298647255602 0.01873947069485504 0.7416828372317017 2.1480266063038016 2.0678588253806676 0.5457950569871336 0.012094771812062706 0.06782146755976197 1.0266709674466565 -1.0103977282225947 -1.9759451600958966 1.1422259546792468 0.07083949201037051 0.620455794179581 8.318421579041685 -0.8975742282608161 1.57067285955277 14.80351079437831 0.7106830716445284 0.23662152444886056 -2.9457566791659153 -11.3725383884256 -10.438589264482847 -0.2811064474551142 0.3785688707895014 -0.01930795030679684 -0.44855913723499363 7.599728668848623 3.575284909864923 -3.3695720289787903 0.07994027587102885 -0.004478700574298657 0.7040051052530569 3.735314981005021 3.9934303965043543 0.7346025404872614 0.0029762052384960692 0.08580648837742393 1.4225470993359977 -1.6165999890901888 -2.4950111872563667 1.1932507788356133 0.06140030616472517 0.8412971355826748 13.805884374161828 1.9724078926393387 2.717842820727672 15.218046422752924 0.6540423806884552 -0.23725390239859515 -10.130612964407625 -9.477707660753687 -1.5095181286309698 -4.631827839110898 -0.07013904669213585 -0.9064699874076629 -17.29296624881134 4.232234835830801 4.3095468902584395 -15.711321498905134 -0.5819376745319611 -0.07053022820131014 -0.5454742244944449 4.718941143252568 4.486185402640193 -0.5327784169685552 -0.043494878924221596 0.028713699600954982 0.3928900213481461 -1.5066699532782624 -0.5529891354483667 0.7912986851285793 0.023170135966364903 0.27090781908100786 4.746607068423133 -4.946807060922594 3.9141597297974013 8.676209639877525 0.2516639952014052 -0.07058389734102029 -0.6524617848648656 0.6445114434030856 8.727567409986587 3.333876789469889 0.009765052392505079 -0.24423102157267934 -2.6482978937636874 9.292803235203882 10.877450682228488 -2.1743377148093073 -0.18764887515367906 -0.015933970811620752 0.08202061997214519 2.078498183872332 2.093970408594392 0.03184833707121974 -0.012255159182513317 0.0007191352193324965 -0.015557574313392695 -0.17998025051915012 -0.11292127077923668 0.015041348556418874 0.000847295989995371 0.005701096599869488 -0.07750415691427667 -1.1212469886021927 -0.5776835013021797 0.20234337900608856 0.009231794859080987 0.0025751678276084234 0.022723931245410035 -0.27767111199329125 0.059963045998840156 0.216771538290434 0.006995276880081925 0.001904645737983676 0.1336794572584424 0.4471389524735183 0.48668850490396953 0.1254596749977214 0.0008053905443048044 0.000205774791113086 0.01784215379451664 0.06338680090564876 0.06498289076190228 0.014840500764177646 0.000051228913227754626 -0.0000244634909237983 -0.002952645537226591 -0.006641931628086368 -0.006676457993791977 -0.002428560951193367 -0.000016844943961496768 -0.0009679615503757131 -0.09740100842163567 -0.26140833035300337 -0.23958931148628645 -0.05819638059662225 0.0002608258969011316 -0.0034551365950276627 -0.1821033945464751 -0.4984345492722285 -0.4561525425927497 -0.10595783959809776 -0.000053011469548233816 -0.0025696514916395837 -0.10503548951993075 -0.3463912816320032 -0.3267787684074678 -0.07287544799988692 -0.0008976283109255911 -0.00020498738147714158 -0.01197450991166635 -0.04357645144617787 -0.037233583401203675 -0.0067983058337677095 -0.0000611366454525698 0.0005124362292656554 -0.013985442374120626 0.043489324552511144 0.04845404321784688 0.011949291113112865 0.0004630487970187259 -0.006177998216133417 -1.0717821019569103 -1.6364697630713128 -1.0439857520657496 -0.06512560635840711 0.021915884728472314 -0.0480922945646227 -1.3723986420122736 -2.782975998914711 -2.5480960468820255 0.06755930194773745 0.04378149747281362 -0.040707810491731146 -0.9581754361494897 -3.448458174916594 -4.145669051576018 -0.7508765634542047 0.004172454574652208 -0.00382084340134727 -0.20632174364939326 -0.7720427175453105 -0.7336955872391254 -0.14069974010591962 -0.0003671558640996876 0.005274873986205606 0.0906812767481061 -0.0230563518273797 -0.11773862453460396 0.13529144474773938 0.005294494988527426 0.03193945566082724 -0.40311051952690263 -0.18399189859528878 0.03174700911707122 1.6002051103936346 0.10497306037667652 -0.07334619168126644 -1.4244156394650396 1.9701857878031799 1.9552081084776214 2.1796071424002226 0.20104320193550831 -0.09580707766860663 -1.0740248139444772 0.4838605306926039 -0.5539595613519572 -0.20648840859603051 0.044906128299829866 -0.0094416011662477 -0.26835841613701167 -0.7227561672997739 -0.689632363155869 -0.1684514838149396 -0.0007670486309515717 0.0022379178954464634 0.10609582968002974 0.11476775003721171 -0.17720229112019908 0.03760529820061509 0.0028115793922013545 0.04806900170492003 1.466491219977665 4.680734044219305 -1.2911020783280955 0.012670729828777665 0.08020138433041465 0.04608259911114671 -0.46549734070847687 0.8097116752464592 -8.281429408225522 -3.4247108402550053 0.12752096229619211 -0.07662476305529771 -2.495317544319122 -4.761128468382556 -5.423823227085595 -2.5713807494359617 -0.018792526600639504 -0.009631982810316941 -0.2822707941145397 -0.6976856132347591 -0.5704774674941863 -0.17516170538715609 -0.0037953008719027186 0.0006766347495480471 0.05022440547959858 0.12435154828598971 -0.026333279320256055 -0.007726143324856823 -0.00002436766349330652 0.027410704819850147 1.1143942014572144 2.9671108681296965 -0.8341034930747201 -0.4832876567281754 0.007120697870472386 0.06481943405575985 1.3980798915633665 2.987800256243282 -3.192329004044785 -1.8187452719949335 0.00023709371637905665 0.007372306919191803 -0.2804317019259118 -1.334493266892948 -2.2753255572616253 -1.0490422425548587 -0.017418279528838503 -0.0008169450505422688 -0.06625816170158162 -0.23423705579646353 -0.23326965823050516 -0.06774622009242784 -0.0009719814654842228 0.000032601472247330496 0.000839908609603983 0.0024387651037714344 -0.00006343009672776654 0.000025702918029650636 0.000003844738894748951 0.0006049429614567648 0.020844736077625086 0.07139164563076028 -0.01839639895185974 -0.01571759397451807 -0.00007668025914059023 0.0012490352387468891 0.037819137630241306 0.1226432482160733 -0.03492877646867127 -0.03093731753983703 -0.000267064295408541 0.0003412347011502327 0.00023248971238811327 -0.0070769660388635865 -0.0285436954299539 -0.013097651072955026 -0.00015935791457553512 -7.600867179419411e-7 -0.0014295777219664235 -0.004755181460572476 -0.004629723934343134 -0.0013525396124225294 0.0000011559674418518665)
(UseCyclicTransform "false")
(UseDirectionCosines "true")

// ResampleInterpolator specific
(FinalBSplineInterpolationOrder 3)
(ResampleInterpolator "FinalBSplineInterpolator")

// Resampler specific
(CompressResultImage "false")
(DefaultPixelValue -1000)
(Resampler "DefaultResampler")
(ResultImageFormat "mhd")
(ResultImagePixelType "float")
