(BSplineTransformSplineOrder 3)
(Direction 1 0 0 0 1 0 0 0 1)
(FixedImageDimension 3)
(FixedInternalImagePixelType "float")
(GridDirection 1 0 0 0 1 0 0 0 1)
(GridIndex 0 0 0)
(GridOrigin -32.5 -32.5 -32.5)
(GridSize 8 7 8)
(GridSpacing 32 32 32)
(HowToCombineTransforms "Compose")
(Index 0 0 0)
(InitialTransformParametersFileName "NoInitialTransform")
(MovingImageDimension 3)
(MovingInternalImagePixelType "float")
(NumberOfParameters 1344)
(Origin 0 0 0)
(Size 160 128 160)
(Spacing 1 1 1)
(Transform "BSplineTransform")
(TransformParameters 0.07839237101293071 0.11661639460997858 0.05927230925887597 -0.0927193706876326 -0.3056263590923322 -0.40391267772287825 -0.3924324530065055 -0.1805649140004967 0.01390596960996684 0.03259849163991911 -0.07069127044005585 -0.4769310456472031 -0.9969309583948517 -1.2052610115708924 -1.0464316863196177 -0.3950181766844864 -0.25413473421454985 -0.2549737289226387 -0.3281970039405958 -1.0271931086004735 -1.3760619567835661 -1.6217375446537092 -1.2448953133240004 -0.3308087138538822 -0.633172973400914 -1.0094772604884552 -0.9522444833412674 -1.464756627073706 -1.7320951354072347 -1.6286058497539546 -1.0223135326090933 -0.13483174631816197 -0.8912753590615337 -1.5671369993548048 -1.4204459281650792 -1.4224032763405303 -1.4336110781367717 -1.0244923331024545 -0.3959548749199695 0.1508496544903961 -0.9862143408580274 -1.7352045666697924 -1.5339601580336346 -1.3448681111209697 -0.942998641941111 -0.4104522778157873 0.09645510273750277 0.3493382615138702 -0.4534241676298278 -0.8137397631399894 -0.7211357408107067 -0.528219205506985 -0.21533753857748145 0.05599892058511244 0.23535084080474036 0.20953280107325842 0.5273099449992452 1.378239992485066 1.6250365460815408 1.284425933538866 0.2546637638919883 -0.7659198287837732 -1.5298201818291548 -1.1535515504468041 0.2897862161335702 2.3106612594541582 3.232011095522483 2.5730704189204094 1.0248341813624782 -1.454629926801301 -3.4751719163791313 -2.63753300453455 -0.9159810062150758 1.6148590015809694 2.3661005894488847 -0.17197610710233605 0.9354238790020466 -1.383071919093014 -3.3159879487344637 -2.507834952075755 -2.3322004468768207 -2.4983223161130366 -1.3252829692570771 -1.3657627636009768 -0.8519647450184664 -0.7261126561782928 -1.979164238475688 -1.8896571215778253 -2.2908460420532806 -2.859741479681218 -2.466182793041687 -1.277509918999457 -2.2157002572410005 -2.8097928303634148 -2.658485718951412 -1.0702055175274652 -1.6818476272125966 -1.8929553927896756 -1.3283820061581537 -2.4042058199578076 -2.776400869833 -3.317311260440527 -2.8461629328298814 -0.5529770487947434 -0.5981216803336981 -1.1930595910135324 -1.262995850441818 -1.4140142521935852 -1.4094574750411195 -1.1126078088650166 -0.6865867740746003 -0.04546296876219543 0.8841477433094947 2.502022750276716 3.106042968687842 2.6807785097168697 1.043084383473324 -0.7830414789607393 -2.244311461352854 -1.8775379381799147 0.5732144676454786 5.437055890193484 7.349400082247867 5.351800768555788 3.521167502320027 -1.9687741257912341 -5.895893217922106 -4.387233342403055 -1.3439753943961055 4.090133079363389 5.548469119408904 3.3506838056139423 4.720717242418006 -1.6971830670483772 -5.2521408301540955 -4.228429609251314 -3.238034540162858 -2.2464058590163893 1.8803379616371885 5.710186435276456 0.7714294032449721 -0.7932284627540995 -2.840862782541171 -3.465927550026858 -2.678351638991387 -1.7135639909793996 0.5239917792729425 2.1557013623659915 -3.5955227894295576 -4.871015070548247 -4.451764044630847 -2.4024208138159233 -1.2127766434380902 -0.21524638139420832 -0.7509295880046383 -2.2726672467096747 -3.7138396468863384 -4.733676619583981 -5.806111961636482 -1.9146460069629812 -0.19057576595144896 -0.654873697335254 -1.1747857823296657 -1.7562080405485558 -2.3310306563008214 -2.1326548163314523 -1.8915404964095517 -0.5923836034284801 1.1898872512355658 3.5441181633576666 4.394155770162361 3.771592104659588 1.5576897737645923 -0.8589685703944232 -2.790995428109209 -2.325284197228324 1.094662442086186 10.00454000797174 10.542346632459495 7.372588954728018 5.742283646281052 -2.24200929327942 -8.955785898676345 -5.735088159618164 -1.0441919992055009 9.472833472833706 7.078770287259446 11.74025828449997 13.714643343776972 0.9659727861003564 -7.473868311793814 -5.831327650133599 -3.551350824844897 -1.5685886364831265 -0.8856844974045922 6.163076770966476 9.24599611273767 0.1629489090794164 -3.3545680061091856 -4.753100368531089 -2.5189403613589825 -1.9183053840285382 4.093531719631274 0.14035776198644845 0.8674368249526925 -5.348162524121569 -4.384537222293155 -3.8795589171966722 0.2120081361386364 1.2732458417887624 0.26383917780461813 -2.032027312726145 -2.9197589269083926 -6.328400077960582 -8.748119777808288 -4.075589892072667 0.7391990065931634 0.7083548100874556 -0.4927228066151874 -1.7566609185130346 -3.0082152830718116 -3.400054426050231 -3.604860194463318 -1.5757120358776064 1.2898525766018445 3.947637581166177 4.885987532388583 4.045727799121974 1.3569730290267314 -1.1244163515295 -2.8558825160524797 -2.2380809186073956 1.4645626398444582 10.947591141002677 10.893993662891514 7.929851201301477 3.367992411626014 -1.2389862797191984 -7.783919849563729 -5.758630113815589 -0.3995608522536382 8.031614426021475 2.4274592941215083 10.657591351194487 5.8719000740637055 2.999484158641559 -6.411150293016791 -6.779228034142753 -3.5202524832605935 -6.835216242418558 -5.402658661714758 3.868713451481124 6.189760484288155 1.43181384286465 3.115433278033535 -4.874723402686616 -1.3120829005368175 -0.6894598490420086 4.548223338752202 1.1296889090732845 1.0366632202461017 -5.4115616737328 -1.1600077428811633 -4.795243114699946 2.6262042971131776 6.994706983399297 2.6268231122838492 -2.0104995153765963 -1.5087232828225057 -9.097375925122625 -12.735357598749367 -6.352786290223003 1.893863227586806 2.6142444306611714 0.6479744035376513 -1.2574245259298884 -2.9090376148599226 -4.357403978491463 -5.19754124100623 -2.619778638467994 1.1436023862989964 3.452871500964875 4.277153051033575 3.2559092075980214 0.5459117707569436 -1.7030108242577189 -2.7735919900548307 -1.8716573486579098 1.3010915087860953 9.140675582840284 11.00605244710658 6.931790895284791 0.8320875038936222 -4.284110973604285 -6.341848474573915 -4.751290718989656 -0.28116474312808726 6.375570016815505 5.828355361055647 8.714907147445178 2.466350074721111 -0.4266525262154334 -7.02326243023382 -6.326590418866572 -3.2667240279462013 -8.078537094298072 -0.7748926098236483 3.0533727730796203 4.714332372889351 0.004684063799308191 -1.874217657254111 -5.150406441615751 0.18752863475673662 8.220325347848762 5.694320049046213 -3.6068922465885835 1.5801635043981355 -8.594091275145805 -13.602298349016973 -5.988744440297569 3.5668036315766494 11.804983856016047 1.8045702274939945 -2.6429971360634856 0.26945086711688515 -8.228337058216681 -16.089900493508093 -6.62101603022068 2.013673558578397 2.8193449737270333 0.6480686404839181 -0.7040796037474111 -2.030616251807014 -3.441999680434751 -4.702413232713354 -2.5713268349869915 0.8938327918457226 2.476430223358957 2.8495895293755744 1.7939335117883985 -0.47145363761048653 -2.062793156567317 -2.6813717844653477 -1.4994026436042407 1.0764714058038842 6.214456533928626 6.588756295431718 3.122231730642773 0.07756611684240465 -3.8992244186211673 -6.888893038531071 -3.731160899568873 0.11522595847573784 6.216036588503822 5.108156724479541 2.8003895775268517 1.8758031092706384 0.1297308408831847 -5.118191693787701 -4.219210791875466 -1.864621412852882 -5.093187424159681 -0.9282445003493062 1.409431674908709 0.2760546730885186 0.2566168779714851 -1.132655486875741 -3.6457385536312508 -0.01013212512539908 1.6500403216054893 0.9390745318330278 -1.0284718777160835 -0.38850372644631903 -3.588973762257357 -8.925033458579776 -4.478734845502572 2.091537623396788 4.7555390768072625 -0.19286876048108217 -1.1425791220984896 -0.9343528652267887 -3.0394551990092378 -8.205868934970248 -4.3407820603727245 1.2394896176829957 1.5655287826835311 0.37830315496876593 -0.32563072096181117 -1.1165030098419617 -1.8090326594399864 -2.6972813452123883 -1.6557483962756891 0.3080141961058715 0.693845132846782 0.653073142097285 0.08940486686780529 -0.8827354583918073 -1.350638992696704 -1.3090925455716473 -0.569341766846128 0.3769748441059085 1.1398680130428551 1.0012555761136976 -0.1373214391497809 -1.868085957041531 -2.740892608552249 -2.9681422195714795 -1.3021381537843517 -0.02831234906937432 0.4162580893797508 0.2504079388562483 -0.49818143109657403 -1.5750417475463838 -2.109604096064389 -2.52388272310435 -1.2634935171555421 -0.4619213075444637 -1.0304544331167889 -0.7121275243206692 -0.8192795392456202 -1.480003768294739 -1.447021778519453 -1.4180374447316437 -1.04153602600523 -0.2651894131822379 -0.8885978088160236 -0.9725764091947775 -0.7930654769128048 -0.8706149017676582 -0.6614090509179789 -1.1463403852588694 -0.9267609532391723 0.09752538390195278 -0.21695649827406752 -0.7293232342860023 -0.5379500905600249 -0.2787332917340707 -0.12513974129978256 -0.8557594467231129 -0.7806982725697498 0.11215934048687994 0.008072943203637323 -0.1612157797801438 -0.10630306994783233 0.09478677864500129 0.08881815175425732 -0.17858675585908626 -0.2525282272275643 -0.2892415929228456 -0.6809326255002134 -0.7651171938421341 -0.7176911522685241 -0.5009312879832014 -0.3153765912086232 -0.22811087907803432 -0.08639526869232406 -0.6329512634394663 -1.6845977257596285 -2.012605765676981 -2.013749557935805 -1.648149678544781 -1.2606067921891637 -0.9095524115332001 -0.3030480703151272 -0.4138609277910109 -1.6238318289241738 -2.3606146363395726 -2.2523119957517435 -2.259651271270896 -2.088764950329079 -1.2889865829222176 -0.33006278804867417 0.1504197941797685 0.23479005381674073 -0.06653325572287741 0.08203378555520308 -0.09904839005101848 -0.28759742344062067 -0.1969394398775976 -0.12400516493308915 0.9643855892248536 3.1619580238961236 4.335388563039249 5.136994739000716 4.598206246704716 3.168759624151642 2.009527523032639 0.3985423629310258 1.489663565838258 4.790281941089075 6.691165871418169 7.98044093082606 7.434487712928675 5.393611117615091 3.4350595331074567 0.7906560412776171 0.7766484698942051 2.5548289554926265 3.509124922657107 4.100092261033309 3.870805170208631 2.9806165308369823 1.9424495826449715 0.44980698750333215 0.5295411908217719 0.16582663462300598 -0.5495551323458624 -0.8622170749304353 -0.5307273243256071 0.3107878663420736 1.3714976029119244 1.28297008968907 0.7402441210254511 -0.7382924813471086 -2.5153847732669643 -2.033898601256152 -1.0929330979900227 -0.0534432758088888 2.0043312721569393 2.3561421225534325 0.13670638818323583 -5.0574962190776045 -10.233535852092247 -6.217476706230054 -7.874923593817091 -9.794214297547542 -4.012211119005952 1.2478825233394575 0.09212589320797218 -2.4044225126522365 -6.131397550216961 -5.909294385160751 -6.354772447959976 -6.3756060212998955 -2.946034230539871 0.2879423180148039 1.134801152949835 2.802655475554549 5.427797087882686 7.690817321765482 5.870047152392234 0.991972375359782 0.43057365238642087 0.4461328782704657 1.6228398349725925 4.3748120138416375 9.743663071888214 13.678124911321824 11.94498705853285 5.238783828130874 1.685127064930272 0.4551359792325158 0.9313338756361335 3.7628620956366876 5.735007116772361 6.861546847513509 6.402178007596539 4.609973627966989 2.5506973192858586 0.3250307177881792 1.587236383310827 1.5508430480229394 0.2739929286162395 -0.4881036204826122 -0.3765718814303062 1.018673540072632 2.955543384832826 2.6045815505326186 2.7436981787531223 4.476064728735772 1.9056472436229275 1.4312076775862486 0.4994460543684757 6.398854058705003 8.424263587622793 5.165273437824682 1.2809385738708092 2.0163898856282607 -2.868479180152678 -0.4466895399614347 -1.8731725117022093 0.9216351121911277 2.1440753248355366 3.2315683135367608 -0.22878493285598872 -0.2817624613592734 -2.2259188022725493 -6.5693096483555635 -2.89332885347185 -4.222485648687087 -3.0718262747446126 0.6133221959560496 0.07165762071777836 0.05450450229613392 1.6036447503238536 -0.5911291688143429 -0.3559230760199758 -0.598506336785487 -2.276219592382616 -0.13767835377031948 -0.0456806741010073 -0.9801270383978805 9.520967453670982 8.775893289170256 6.265920275377396 8.692315438216436 -2.1799267733057954 -0.873853218901186 0.2008823392763232 2.4388349658326844 5.09726761365894 5.8278086465770285 5.199066187572107 4.266310665666074 1.3903748385952468 -0.32787440561477366 2.648390124974263 2.9654417215023723 0.748298036478848 -0.41261481265202254 -0.7939825778239704 1.1757503505222227 4.084803239985949 3.5698345986803024 4.704509146112117 9.732429123686364 -1.693182960996186 -2.698170287554841 -8.703072710256349 4.373209982703908 12.88166492827075 7.079030790078002 2.1782221149342864 7.791126066628866 -6.854721131529648 -2.62302840197785 -5.815767771353286 1.91033692262456 7.0959095075908465 4.322882194097884 -1.4367975917208853 -3.181166397381325 -7.983480742410124 -2.630429903580073 -0.7406413589467917 -6.88116799611733 -4.559343587328287 0.09148349574210006 -1.9906126648759275 -1.1187432900832557 -6.80161113041833 -7.729786694932741 -7.145068707118844 -6.46513209258529 -2.724404098474457 -1.5260040968889887 -2.912618015540465 -3.2798734092430357 7.072972108180788 4.139132276886381 1.6020410528984734 9.18003218491111 -3.774892018683001 -3.165167695663061 -1.16757220229238 0.7107498570797598 4.462828391595602 5.401582340788669 4.604532421720558 3.905047245902982 0.001484285623711726 -1.467215266293457 3.2619776831298126 3.7507884255417907 1.0139798854185156 -0.33650751979044274 -0.6343407331891744 1.3896848078047503 4.218620711798729 3.7194672633759387 5.665964358461133 11.095229749475203 -0.1692692627425651 0.4285378930036611 -3.953644248895866 4.041583030631169 10.043942166921417 7.0252050746948065 2.398544246218206 6.03515617503083 -8.85803348766339 3.6022982049667465 -1.6686377663505045 -6.619172145969579 2.0614394987804046 3.991728080201373 -3.0905486025137376 -9.269135253434724 -14.26783865299838 0.0323083969055509 2.9612479813970607 -4.970114880975655 -3.860409975647482 -0.6895257601649969 -4.863899690052605 -7.701458567089128 -11.209098052518389 -3.907322479961534 -4.87080284751744 -8.953395047042916 -3.639512189726163 -3.3730698678223234 -6.40896665621075 -10.003837841481769 1.4228808218059905 9.644931687398191 7.01278888711249 0.646666724983882 -8.291584243378232 -5.739130486979139 -2.736281221628716 -1.367856141915134 3.6353434658528374 6.255792175084746 5.391147685848654 2.8986790630672723 -1.574950295720489 -2.687782282983341 2.9640559695468562 3.2154701405819486 0.9397331709737017 -0.09581346348684784 -0.29441260951474285 1.707723108950769 3.88371524394935 3.251460774644033 4.992488999257319 9.66795243211864 5.1680190318365815 4.641525386008362 2.422974986231881 11.89411226163985 9.819607347880497 5.98878612505379 1.9064456704396053 5.462193855814363 -1.590689428184185 2.3310569802221592 2.9237524754066575 4.320923750894222 3.1483036931094093 3.4465071016025037 -2.9971567622674438 -7.248198362635047 -6.73129051859646 0.276874861592254 4.674415699628198 4.03519943312567 0.3712864231967732 -0.4849504532615935 -5.820279010550864 -14.606924360831137 -5.675534706915358 -1.2531866721589264 -0.775346823417772 -1.6319101188450649 -8.958198205053929 -4.221525666288182 -6.951938281376917 -12.773177551605748 2.8605693416436413 6.431580510778679 7.936450298648605 4.476081206792035 -9.37305583982069 -5.91129650531165 -2.8780862013656034 -1.632710616791898 3.1942554707691038 5.043606260944217 4.942003779328009 2.9373347951368385 -1.5126467632381149 -2.6936421408859377 2.1236433983422955 1.744724194744974 -0.5423211923192499 -1.4398292765209024 -1.0886181093168101 1.0279526827978913 3.2860536437870183 2.6088890351728717 3.678358930404241 5.282902294838575 -2.5207744843414654 -5.8529989315898465 -6.46803847350864 3.9796847807226774 9.357694854571566 5.055939115317772 1.785085122106093 5.004569844552596 -2.999496273896992 -5.666961449783598 -2.0013771042588675 5.367732952464741 7.362790681731842 3.347276506335434 -1.337674648070593 -1.6461509324859764 -1.6333807294500153 0.4605811034578323 4.08027670806932 5.792868793911672 3.245477038658723 0.4576015851748274 -3.460595775131897 -5.4761372541030475 0.4435520411250633 2.784282254448519 5.215454689729279 6.287632239904757 -1.5471310406208725 -2.243420418810915 -4.245387124901256 -4.436568036644136 4.282357600149065 6.184524656367354 8.154719779941775 7.722178112845629 -1.9804868969068732 -3.5099406806486995 -1.8111557159588985 -0.28492259940556314 2.9769559556211944 4.56572755057669 4.642903875294633 3.07877143221813 -0.17231309853370608 -1.7193060150650805 0.5703792909939243 -0.04325875692863651 -1.0329188286744073 -1.1898461703086272 -0.3905774745441913 0.5555086404257976 1.2983468670188145 0.9737603000355981 1.0967374504013205 0.30554563714770233 -1.8568258989698585 -1.9713308168815842 -0.32472542423209866 1.719313947467469 3.3451297265706006 2.040665837439637 0.7196695306565641 0.4319651410208721 -1.0687444832197337 -0.6411291166421842 1.3855743666879274 2.9114670762496195 3.5062012003220153 1.6926548578117413 0.15284326059047365 0.4765824030358367 0.7419755102089557 1.895601727292769 3.542915063779514 3.9964846903840883 3.1767996822631397 1.0096280026793332 -0.25241670146095385 0.9904081497198249 2.4543080642665043 3.6106649896661285 4.696716001881259 4.56172271208409 2.6536508045625258 0.24493227122147657 -0.470480766949695 1.1730778327216556 3.3234522576143024 4.645191721703591 5.169281593102368 4.388268066290436 1.9395925284997482 -0.2966944856434608 -0.22009239164833583 0.7062772415997698 1.7645536974879816 2.497599219483491 2.5560648090776494 1.8656789864753764 0.737985537667623 -0.2479610110840281 -0.10295386244272212 -0.2339202836808183 -0.2539549884554696 -0.24814740578003136 -0.19865166169310577 -0.13703736187191004 -0.087512446655589 -0.019134324029624263 -0.29169897880147766 -0.7592330703239972 -0.9361704750833367 -0.9905164640327332 -0.8875253062729215 -0.672214102349765 -0.36667065244653196 -0.03417405454030405 -0.32421578445280547 -0.9982433265550574 -1.5777184131652373 -1.5494703437369832 -1.5046513050627461 -1.2746431658664652 -0.6026196855076297 -0.011139756010203363 -0.33603441146192164 -1.1327584044256929 -1.870680579071432 -2.0386595630856292 -1.8891015941248481 -1.4249994378358428 -0.8064714342708545 -0.014731129839998264 -0.2876144726250589 -1.050186720640524 -1.6531147851034436 -2.2344759387438757 -2.0861085958690055 -1.5544615666187533 -0.9422650152703527 -0.06697585132057657 -0.2182273884216329 -0.9662338958176089 -1.5845209210791453 -2.1709245979988054 -2.165773587608984 -1.6310886930480337 -0.9628110073062063 -0.10640377135033796 -0.08937934224959329 -0.47700265231633115 -0.7685382480715393 -1.0063957405463235 -1.0453371118974257 -0.8264919342110747 -0.49100460173413835 -0.06280145428536207 -0.12139972507739807 -0.29461383716906914 -0.32788338837497294 -0.32459845691412575 -0.24858913721562864 -0.10559491551631348 0.05499896577344243 0.11658968300960638 -0.43315258027361336 -0.9595719250113336 -1.0364944692308777 -0.2697140228860163 -0.2884222286089799 -0.46832591267112766 -0.06228359105078468 0.3299320248780286 -0.5139679300111354 -1.697424330220771 -3.935371909094771 0.14407136772803145 -1.4151679714341898 -2.833762007016532 -0.9379289141267142 0.43892641100702 -0.6300527975416188 -1.27199993305459 -3.7180137232248818 -3.423705434327754 -3.3235023335456595 -2.139746094327075 -1.346461820298533 0.36527453109082286 -0.6200898194728384 0.26905783905660086 1.096608537107861 -2.5856195152891623 -2.258425094471902 -1.020093060531146 -1.0175500112180715 0.1041243684249885 -0.4914592916305356 -0.5098348478205941 -1.2575379421557458 -3.1480621673465525 -2.9274131424279246 -1.4766543265316712 -0.6750015344611807 -0.07329497954243108 -0.2084486743030637 -0.7024250622726514 -1.0688377734081587 -1.4026250306920043 -1.5047946832845371 -1.1896536150042016 -0.703763383016699 -0.11036870934321895 -0.040694873026205274 -0.11682762902136523 -0.12090994339358019 -0.13687671637617724 -0.15194300321798812 0.008003718549180394 0.22762101366337295 0.2434815145111931 -0.30076452068748055 -0.15639738541781056 0.5925917663784743 1.783610808542766 0.7349740501344796 1.2768408303317684 0.8262736223380585 0.6418743366905811 -0.4406849073111798 0.17721735886444115 2.1359024707074314 5.12908706913864 2.954329973633218 3.274131722843491 0.8294081670612445 0.7818347472686114 -0.6613954854703609 0.0069317287271435015 3.6345325306661795 -1.8918047805262137 -2.0478989377656496 0.918319818388737 0.006941895819652339 0.688119739109863 -0.6400379194098409 0.8237260086142393 5.99020386839535 1.4927892781132723 -1.3851424383175612 -0.7944613613523743 -0.3983805508980687 0.35895531463160973 -0.5774101566015303 -0.25573042473328467 0.5391774817000605 0.24583414993882577 -0.36436034681418855 -0.9121518611060795 -0.28628536411686567 0.013624810877411197 -0.2610007736478625 -0.6043687371239683 -0.7353948845216572 -0.871934705507952 -0.9891108503950147 -0.8852413523342478 -0.5548443271805351 -0.11887204496833717 0.07089969008167273 0.23990882129355698 0.3251757165572497 0.245200819417687 -0.05960873308216307 0.000840975312048605 0.26036790132252274 0.27682461556902654 -0.037421856640847885 1.0852121065289575 1.1128595154075618 0.8484099297869251 -1.544674055469507 0.3690246673238749 1.0592740577554827 0.6320347462054585 -0.20842104701837208 2.1282367225666685 2.1033673153540096 0.16784461150080948 -0.5529711668635423 2.7566606073839774 1.2669142042588253 0.6243240420202638 -0.5417635284943034 1.265835044400406 1.0278952590764883 -4.908012884209072 -3.172046307557233 -0.17009621653886456 1.0618190569626385 0.5071486040819336 -0.5487182945145523 0.5495387488466409 2.026810744464763 -0.3328766777026988 -0.8069733764101149 -0.7624735125269382 0.11270082549731511 0.25000577301006144 -0.7187402963552441 -1.1764561606681372 0.25717713872284637 0.6344152821365664 0.3109447850698338 -0.7011279276403021 -1.1774148930762394 -0.2132371482784173 -0.3548940855689153 -0.7829088141956011 -0.7937886802075089 -0.950099528839558 -0.9846744619224876 -0.8451499966018474 -0.6876335822031863 -0.2027739897105197 0.1840544108677372 0.659208127365058 0.9020642390842258 0.7500155829042783 0.12841075168372404 -0.10143425864191934 0.10608898488917715 0.18419328632117044 0.23318491191828958 1.2789432544932036 2.1703179465188356 2.4924930435132637 -0.6737234293085042 -1.3362484241878836 -0.349892328886699 0.19187574956180364 0.04846948393772688 1.524244364735269 1.8352609817364416 2.56779144317851 1.2508459445253752 1.0211374381535059 -1.246129007212299 -0.1453202387577211 -0.09022771445064631 2.965459616944516 -1.0185397226732174 -7.096270316916072 -4.480436465912986 -4.186769372253773 -0.4742931469416597 -0.0933583179553169 -0.2703459941296059 1.7052087726508809 -1.0641455011464458 -4.789816837906195 -4.237024998102312 -4.180294115478599 -0.6733360703317749 -0.2763474446096474 -0.81322962543712 -2.1168641176941043 -3.0384421986744288 -3.8794710372611534 -4.346211152723733 -3.860367360851858 -2.4600685331865773 -0.700893473427144 -0.43476751710274325 -1.1663889184429135 -1.5144516953265499 -1.8159153314086212 -1.7972262640541268 -1.4574066409856101 -1.0229368435635897 -0.32409655855763514 0.22306575082112456 0.8238737435420268 1.1112942004826836 0.9349039678502404 0.16383692460262214 -0.1875145082218938 -0.03191596140668878 0.077407076767079 0.4038031322749809 1.7496277006568521 2.739857187028352 2.2379311378375983 -1.2051358808269899 -1.8829965302551819 -0.7696347167686027 -0.1277636959322689 0.3196989897191769 2.760108961512371 3.7431327854178895 1.6127766365633636 -2.6403641367508177 -1.8981250593791474 -1.374452664249563 -0.6038006255205538 0.36012479170871137 5.475018310711369 1.7316550790592473 -2.8737724924511605 -4.654977437256128 -9.305752757667559 -3.592812102280857 -0.7537271109326323 -0.20897936182534738 0.8917661628056228 -0.8541903550889544 -1.6327471462751577 -2.0349171032633695 -4.590272404266794 -3.7243959506116395 -0.876436591881298 -0.6858097644597381 -2.116980777443706 -3.516394747960426 -4.19893197812869 -4.991968685561626 -4.7438086000203645 -3.157511039307746 -0.9139252683990354 -0.3728822133193097 -1.1166513385553836 -1.5997840670461183 -1.8367525836537422 -1.8049986543611265 -1.5338801930789792 -1.0407866889847348 -0.3330321890807491 0.19959170421813774 0.7355777332270569 0.9729438742290717 0.7976250239822296 0.1347253672719456 -0.2057954433381785 -0.10737915914498526 0.002050155891071315 0.4704649474482502 1.8243725565585887 2.215632157044031 1.577907204315936 -0.6706813620070309 -1.6927942543165464 -0.8772099365332373 -0.24268312789324617 0.43251566043603257 1.7209191683702572 1.868171627843893 1.8443775470818005 -1.265387213779352 -2.5791464584454626 -1.4765243530995342 -0.6145277429427151 0.36021724796071847 1.9806061099871834 1.6783854416186637 1.726195221743042 -1.8091257590521688 -4.127735924274123 -2.9198650885058326 -0.9460090955454308 0.009106568416379968 0.40028059373765296 0.10742422579688662 -0.6509764956720357 -2.129153570009222 -2.967689471783252 -3.1543655651289115 -0.9109836364496791 -0.3073480664987294 -1.0352830244807874 -1.8333483421656083 -2.5245461732036283 -3.318742477304222 -3.1839619760198525 -2.284362508341896 -0.7213765133826773 -0.2130194393959297 -0.7259050573775475 -1.0602073875633826 -1.2522382481470202 -1.274642421695711 -1.082706120876259 -0.7692971091976535 -0.24667025186208413 0.0806829044213918 0.29344980215479527 0.3884301825472818 0.31893865581403763 0.07236902758871105 -0.080893493481477 -0.08677601512753923 -0.03452471067715837 0.2496599710411216 0.8427285712652138 1.068132663625043 0.8269421141202192 0.04988735183546178 -0.4700898623143651 -0.4176771785640659 -0.16187696578438396 0.3164527334803033 0.9828420388740376 1.2327974434150697 1.0140717126790302 -0.014241861282614583 -0.7217052693775403 -0.6884013259122594 -0.27400501597943816 0.3306305722362833 0.951388457595333 1.1511389814695032 0.8174124141075656 -0.3639832290814647 -0.9618303058410349 -0.9157624407221625 -0.3622426027107074 0.2050771057157856 0.5003765021633193 0.5071046039414595 0.06829134099651377 -0.7243505450130612 -0.9825525898400473 -0.8499332145217642 -0.3143972814359416 0.0629148839747443 0.003459318206543454 -0.1659366827412552 -0.4345087056076347 -0.7775376885652604 -0.8359824298317255 -0.6550510052292374 -0.22674001402035418 -0.015610003323607081 -0.13777556038190195 -0.24186708396636458 -0.3276128997936106 -0.3599705973548426 -0.31442649860291655 -0.22960094456378144 -0.06996692529746822)
(UseCyclicTransform "false")
(UseDirectionCosines "true")

// ResampleInterpolator specific
(FinalBSplineInterpolationOrder 3)
(ResampleInterpolator "FinalBSplineInterpolator")

// Resampler specific
(CompressResultImage "false")
(DefaultPixelValue -1000)
(Resampler "DefaultResampler")
(ResultImageFormat "mhd")
(ResultImagePixelType "float")
